
$GPCHC,2252,283848.10,178.79,-1.84,2.04,-0.00,-0.30,-0.01,-0.0340,-0.0304,1.0050,34.23396175,108.67224739,358.81,0.007,0.050,0.004,0.050,46,45,42,8,2*68
$GPCHC,2252,283848.15,178.79,-1.84,2.03,0.08,-0.04,0.02,-0.0329,-0.0242,1.0003,34.23396177,108.67224739,358.81,0.005,0.047,0.002,0.048,46,45,42,8,2*65
$GPCHC,2252,283848.20,178.79,-1.83,2.03,0.11,-0.11,-0.00,-0.0347,-0.0253,1.0110,34.23396178,108.67224739,358.81,0.004,0.042,0.001,0.042,46,45,42,8,2*4E
$GPCHC,2252,283848.25,178.79,-1.83,2.02,0.14,-0.25,-0.03,-0.0329,-0.0177,1.0177,34.23396180,108.67224740,358.81,0.005,0.037,0.001,0.038,46,45,42,8,2*40
$GPCHC,2252,283848.30,178.79,-1.83,2.02,0.16,-0.18,-0.04,-0.0325,-0.0084,1.0121,34.23396181,108.67224739,358.81,0.005,0.028,-0.000,0.028,46,45,42,8,2*61
$GPCHC,2252,283848.35,178.79,-1.83,2.02,0.17,0.07,0.01,-0.0303,0.0022,1.0031,34.23396182,108.67224740,358.81,0.002,0.014,-0.000,0.014,46,45,42,8,2*41
$GPCHC,2252,283848.40,178.79,-1.82,2.02,0.12,0.24,-0.02,-0.0330,0.0150,0.9939,34.23396182,108.67224740,358.81,0.000,-0.007,0.001,0.007,46,45,42,8,2*66
$GPCHC,2252,283848.45,178.79,-1.82,2.02,0.14,-0.21,0.03,-0.0315,0.0260,0.9945,34.23396181,108.67224740,358.81,0.000,-0.033,0.001,0.033,46,45,42,8,2*6E
$GPCHC,2252,283848.50,178.79,-1.81,2.02,0.05,-0.00,0.04,-0.0315,0.0344,0.9718,34.23396179,108.67224739,358.81,-0.002,-0.063,0.000,0.063,46,45,42,8,2*4B
$GPCHC,2252,283848.55,178.79,-1.80,2.03,0.03,0.43,0.08,-0.0286,0.0444,1.0118,34.23396175,108.67224739,358.81,-0.008,-0.100,0.004,0.101,46,45,42,8,2*6F
$GPCHC,2252,283848.60,178.78,-1.79,2.04,0.03,0.09,0.06,-0.0190,0.0666,1.0524,34.23396170,108.67224739,358.81,-0.012,-0.144,0.007,0.144,46,45,42,8,2*68
$GPCHC,2252,283848.65,178.78,-1.78,2.07,0.28,0.70,0.00,-0.0173,0.0869,1.0225,34.23396161,108.67224738,358.81,-0.019,-0.198,0.004,0.199,46,45,42,9,2*6D
$GPCHC,2252,283848.70,178.78,-1.77,2.10,-0.05,1.01,0.05,-0.0233,0.0833,1.0048,34.23396151,108.67224737,358.81,-0.027,-0.256,0.014,0.258,46,45,42,9,2*4E
$GPCHC,2252,283848.75,178.78,-1.76,2.15,0.20,1.01,0.04,-0.0183,0.1105,0.9754,34.23396138,108.67224735,358.81,-0.033,-0.321,0.011,0.323,46,45,42,9,2*62
$GPCHC,2252,283848.80,178.78,-1.75,2.20,0.18,1.21,0.03,-0.0225,0.1164,0.9862,34.23396122,108.67224733,358.81,-0.041,-0.392,0.012,0.394,46,45,42,9,2*6E
$GPCHC,2252,283848.85,178.78,-1.74,2.28,0.29,1.67,-0.11,-0.0395,0.1106,0.9317,34.23396103,108.67224731,358.81,-0.041,-0.463,0.007,0.464,46,45,42,9,2*4F
$GPCHC,2252,283848.90,178.79,-1.74,2.35,0.17,1.24,-0.22,-0.0436,0.1162,0.9861,34.23396080,108.67224729,358.81,-0.038,-0.535,0.009,0.536,46,45,42,9,2*4D
$GPCHC,2252,283848.95,178.81,-1.72,2.42,0.30,1.46,-0.29,-0.0499,0.1233,0.9476,34.23396054,108.67224727,358.81,-0.034,-0.608,-0.003,0.609,46,45,42,9,2*65
$GPCHC,2252,283849.00,178.82,-1.71,2.49,0.19,1.35,-0.34,-0.0638,0.1411,0.9875,34.23396025,108.67224725,358.81,-0.024,-0.688,-0.004,0.689,46,45,42,9,2*62
$GPCHC,2252,283849.05,178.84,-1.69,2.54,0.11,0.98,-0.36,-0.0855,0.1513,0.9749,34.23395992,108.67224724,358.81,-0.004,-0.774,-0.005,0.774,46,45,42,9,2*6B
$GPCHC,2252,283849.10,178.86,-1.67,2.56,0.31,0.14,-0.42,-0.0743,0.1453,0.9816,34.23395955,108.67224724,358.81,0.016,-0.862,-0.011,0.862,46,45,42,9,2*4C
$GPCHC,2252,283849.15,178.89,-1.64,2.57,0.85,-0.01,-0.43,-0.0924,0.1417,0.9469,34.23395914,108.67224726,358.81,0.038,-0.943,-0.037,0.944,46,45,42,9,2*60
$GPCHC,2252,283849.20,178.91,-1.57,2.54,1.45,-1.06,-0.49,-0.1143,0.1488,0.9735,34.23395868,108.67224728,358.80,0.074,-1.026,-0.069,1.028,46,45,42,9,2*66
$GPCHC,2252,283849.25,178.95,-1.49,2.47,1.72,-1.64,-0.55,-0.0998,0.1566,1.0034,34.23395820,108.67224733,358.80,0.108,-1.113,-0.083,1.118,46,45,42,9,2*6A
$GPCHC,2252,283849.30,178.98,-1.40,2.36,1.74,-2.27,-0.51,-0.0522,0.1635,1.0444,34.23395767,108.67224739,358.79,0.124,-1.204,-0.078,1.211,46,45,42,9,2*64
$GPCHC,2252,283849.35,179.00,-1.34,2.24,1.10,-2.31,-0.37,-0.0390,0.1693,1.0863,34.23395710,108.67224745,358.79,0.122,-1.301,-0.035,1.306,46,45,42,9,2*69
$GPCHC,2252,283849.40,179.02,-1.31,2.13,0.30,-2.18,-0.28,-0.0246,0.1418,1.0692,34.23395649,108.67224751,358.79,0.118,-1.392,0.015,1.396,46,45,42,9,2*48
$GPCHC,2252,283849.45,179.03,-1.32,2.03,0.13,-1.74,-0.35,-0.0033,0.1108,1.0458,34.23395584,108.67224758,358.79,0.102,-1.464,0.043,1.467,46,45,42,9,2*4E
$GPCHC,2252,283849.50,179.05,-1.34,1.97,-0.17,-1.37,-0.58,-0.0078,0.0811,0.9538,34.23395516,108.67224763,358.79,0.092,-1.521,0.051,1.524,46,45,42,9,2*6F
$GPCHC,2252,283849.55,179.10,-1.32,1.92,0.61,-1.03,-1.07,-0.0623,0.0945,0.9302,34.23395447,108.67224767,358.80,0.102,-1.573,0.014,1.576,46,45,42,9,2*44
$GPCHC,2252,283849.60,179.17,-1.28,1.84,1.01,-1.76,-1.53,-0.0499,0.1148,0.9032,34.23395374,108.67224773,358.79,0.123,-1.634,-0.032,1.638,46,45,42,9,2*6D
$GPCHC,2252,283849.65,179.25,-1.21,1.75,1.53,-2.13,-1.65,-0.0535,0.1361,0.9150,34.23395298,108.67224781,358.79,0.141,-1.703,-0.083,1.709,46,45,42,10,2*59
$GPCHC,2252,283849.70,179.33,-1.16,1.66,0.56,-1.09,-1.19,0.0344,0.1681,1.0733,34.23395219,108.67224788,358.79,0.118,-1.793,-0.065,1.797,46,45,42,10,2*7C
$GPCHC,2252,283849.75,179.36,-1.19,1.60,-0.70,-1.09,-0.46,0.0046,0.1432,1.0275,34.23395136,108.67224793,358.78,0.087,-1.885,-0.034,1.887,46,45,42,10,2*5B
$GPCHC,2252,283849.80,179.37,-1.26,1.54,-1.98,-1.32,-0.05,-0.0225,0.0873,1.0171,34.23395049,108.67224797,358.78,0.069,-1.960,0.012,1.961,46,45,42,10,2*51
$GPCHC,2252,283849.85,179.38,-1.33,1.47,-1.12,-1.66,-0.41,-0.0588,0.0187,0.9109,34.23394959,108.67224803,358.78,0.089,-1.989,-0.008,1.991,46,45,42,10,2*70
$GPCHC,2252,283849.90,179.42,-1.32,1.37,0.67,-1.50,-1.29,-0.0880,0.0015,0.9626,34.23394869,108.67224808,358.78,0.128,-1.997,-0.047,2.001,46,45,42,10,2*5A
$GPCHC,2252,283849.95,179.52,-1.25,1.25,1.56,-2.86,-2.16,-0.1180,0.0514,0.9962,34.23394779,108.67224817,358.78,0.190,-2.019,-0.059,2.027,46,45,42,10,2*58
$GPCHC,2252,283850.00,179.62,-1.15,1.07,1.79,-4.26,-1.88,-0.0513,0.1399,1.1370,34.23394687,108.67224828,358.78,0.214,-2.079,-0.037,2.090,46,45,42,10,2*55
$GPCHC,2252,283850.05,179.68,-1.12,0.84,-0.05,-4.81,-0.50,0.0827,0.1571,1.0554,34.23394591,108.67224838,358.78,0.176,-2.175,0.034,2.182,46,45,42,10,2*7C
$GPCHC,2252,283850.10,179.66,-1.16,0.64,-1.00,-3.05,1.18,0.2384,0.0866,0.9579,34.23394491,108.67224845,358.78,0.055,-2.248,0.046,2.249,46,45,42,10,2*59
$GPCHC,2252,283850.15,179.57,-1.18,0.63,0.57,2.25,2.02,0.2155,-0.0390,0.7871,34.23394387,108.67224845,358.78,-0.088,-2.262,-0.050,2.264,46,45,42,10,2*75
$GPCHC,2252,283850.20,179.48,-1.04,0.78,4.05,3.19,1.55,0.0573,-0.0273,0.7565,34.23394286,108.67224839,358.77,-0.148,-2.243,-0.217,2.248,46,45,42,10,2*75
$GPCHC,2252,283850.25,179.45,-0.76,0.98,5.88,3.72,-0.14,-0.1422,0.1663,0.9850,34.23394183,108.67224834,358.76,-0.098,-2.287,-0.301,2.290,46,45,42,10,2*5F
$GPCHC,2252,283850.30,179.52,-0.53,1.10,3.05,1.96,-1.99,-0.1867,0.3108,1.2182,34.23394076,108.67224832,358.74,0.016,-2.428,-0.191,2.428,46,45,42,10,2*74
$GPCHC,2252,283850.35,179.62,-0.54,1.09,-2.49,-0.88,-1.97,-0.0402,0.2263,1.1769,34.23393963,108.67224835,358.74,0.065,-2.590,0.019,2.591,46,45,42,10,2*51
$GPCHC,2252,283850.40,179.67,-0.67,1.04,-2.71,-1.34,-0.14,0.0923,0.0166,0.9525,34.23393845,108.67224837,358.74,0.009,-2.651,0.041,2.651,46,45,42,10,2*79
$GPCHC,2252,283850.45,179.61,-0.70,1.04,0.47,-0.16,1.90,0.0616,-0.1004,0.8272,34.23393725,108.67224837,358.74,-0.069,-2.623,-0.083,2.624,46,45,42,10,2*55
$GPCHC,2252,283850.50,179.50,-0.52,1.09,4.89,1.70,2.45,-0.0375,-0.0239,0.8611,34.23393608,108.67224832,358.73,-0.091,-2.588,-0.235,2.589,46,45,42,10,2*5C
$GPCHC,2252,283850.55,179.41,-0.20,1.11,6.99,0.35,1.30,-0.2420,0.1120,1.0861,34.23393491,108.67224829,358.72,-0.005,-2.613,-0.279,2.613,46,45,42,10,2*78
$GPCHC,2252,283850.60,179.41,0.11,0.98,5.47,-4.80,-1.00,-0.4225,0.1820,1.1204,34.23393371,108.67224835,358.71,0.211,-2.697,-0.197,2.705,46,45,42,10,2*78
$GPCHC,2252,283850.65,179.51,0.34,0.54,4.09,-11.11,-2.03,-0.2218,0.1929,1.1402,34.23393246,108.67224854,358.70,0.411,-2.795,-0.126,2.825,46,45,42,11,2*4C
$GPCHC,2252,283850.70,179.58,0.47,0.01,1.68,-9.92,-0.81,0.2609,0.2032,1.2470,34.23393118,108.67224875,358.70,0.344,-2.885,0.005,2.905,46,45,42,11,2*7E
$GPCHC,2252,283850.75,179.57,0.44,-0.23,-1.73,-2.18,0.87,0.2723,0.2189,1.0288,34.23392985,108.67224887,358.70,0.151,-2.998,0.147,3.002,46,45,42,11,2*57
$GPCHC,2252,283850.80,179.49,0.31,-0.28,-3.02,0.35,1.92,0.1619,0.1295,0.8666,34.23392848,108.67224892,358.71,0.027,-3.082,0.157,3.082,46,45,42,11,2*7E
$GPCHC,2252,283850.85,179.39,0.19,-0.29,-2.07,0.72,1.85,0.2612,-0.0047,0.8762,34.23392708,108.67224894,358.71,-0.077,-3.095,0.084,3.095,46,45,42,11,2*70
$GPCHC,2252,283850.90,179.34,0.16,-0.10,0.00,5.55,0.48,0.1823,0.1302,1.0496,34.23392569,108.67224887,358.71,-0.180,-3.123,0.016,3.128,46,45,42,11,2*7A
$GPCHC,2252,283850.95,179.37,0.08,0.24,-2.24,6.54,-1.22,-0.0388,0.1178,0.9805,34.23392426,108.67224877,358.72,-0.181,-3.190,0.050,3.195,46,45,42,11,2*7E
$GPCHC,2252,283851.00,179.45,-0.00,0.53,-1.42,5.48,-1.86,-0.1054,0.0532,0.8384,34.23392282,108.67224869,358.72,-0.118,-3.226,-0.010,3.228,46,45,42,11,2*7E
$GPCHC,2252,283851.05,179.54,-0.02,0.69,0.56,2.47,-1.47,-0.1427,0.0663,0.8099,34.23392136,108.67224864,358.71,-0.064,-3.240,-0.126,3.241,46,45,42,11,2*57
$GPCHC,2252,283851.10,179.59,0.04,0.75,0.81,0.09,-0.73,-0.2424,0.2057,0.9625,34.23391989,108.67224863,358.71,0.016,-3.313,-0.179,3.313,46,45,42,11,2*54
$GPCHC,2252,283851.15,179.60,-0.01,0.60,-2.64,-4.85,0.19,-0.2412,0.3003,1.2683,34.23391836,108.67224867,358.70,0.129,-3.452,-0.054,3.454,46,45,42,11,2*59
$GPCHC,2252,283851.20,179.57,-0.28,0.28,-6.85,-7.67,0.39,-0.1733,0.1934,1.1624,34.23391676,108.67224881,358.70,0.232,-3.585,0.104,3.592,46,45,42,10,2*7B
$GPCHC,2252,283851.25,179.56,-0.64,-0.11,-6.36,-7.75,-0.11,-0.1392,-0.0277,0.9865,34.23391514,108.67224895,358.71,0.310,-3.613,0.108,3.627,46,45,42,10,2*5E
$GPCHC,2252,283851.30,179.59,-0.85,-0.51,-2.18,-6.89,-0.51,0.1817,-0.2698,0.9937,34.23391352,108.67224914,358.71,0.296,-3.513,0.011,3.525,46,45,42,10,2*72
$GPCHC,2252,283851.35,179.62,-0.81,-0.73,2.70,-2.36,-1.01,0.1445,-0.0272,1.0542,34.23391196,108.67224927,358.71,0.209,-3.445,-0.053,3.451,46,45,42,10,2*74
$GPCHC,2252,283851.40,179.68,-0.65,-0.86,3.50,-3.16,-1.18,0.2177,-0.1010,0.8979,34.23391041,108.67224936,358.70,0.138,-3.421,-0.044,3.424,46,45,42,10,2*74
$GPCHC,2252,283851.45,179.72,-0.31,-0.84,7.12,2.90,-0.79,0.3258,0.1153,0.9516,34.23390888,108.67224939,358.70,-0.008,-3.426,-0.122,3.426,46,45,42,10,2*57
$GPCHC,2252,283851.50,179.75,0.02,-0.60,4.42,7.06,-0.77,0.3115,0.2802,1.1521,34.23390729,108.67224938,358.69,-0.170,-3.562,-0.007,3.566,46,45,42,10,2*79
$GPCHC,2252,283851.55,179.78,0.13,-0.16,-1.41,10.25,-0.68,0.0319,0.2275,1.2129,34.23390566,108.67224925,358.70,-0.269,-3.705,0.190,3.715,46,45,42,10,2*4B
$GPCHC,2252,283851.60,179.84,0.06,0.20,-3.13,4.36,-1.53,-0.5230,0.1702,0.9844,34.23390396,108.67224914,358.71,-0.076,-3.806,0.244,3.807,46,45,42,10,2*79
$GPCHC,2252,283851.65,179.92,-0.12,0.03,-3.97,-7.26,-2.09,-0.7780,0.0591,0.7773,34.23390223,108.67224920,358.72,0.291,-3.866,0.193,3.877,46,45,42,10,2*58
$GPCHC,2252,283851.70,180.06,-0.27,-0.74,-2.57,-17.90,-2.81,-0.1471,0.1899,0.8912,34.23390049,108.67224948,358.72,0.556,-3.907,0.042,3.946,46,45,42,11,2*41
$GPCHC,2252,283851.75,180.15,-0.50,-1.46,-6.35,-11.12,-1.18,0.2183,0.0934,0.9544,34.23389870,108.67224976,358.72,0.464,-4.004,0.094,4.031,46,45,42,11,2*69
$GPCHC,2252,283851.80,180.19,-0.73,-1.90,-2.13,-6.55,-0.27,0.4805,-0.0970,0.7693,34.23389690,108.67224996,358.72,0.282,-3.965,-0.153,3.975,46,45,42,11,2*56
$GPCHC,2252,283851.85,180.15,-0.75,-1.91,-1.02,1.81,1.32,0.5314,0.1673,1.2835,34.23389511,108.67225001,358.71,-0.019,-4.004,-0.152,4.004,46,45,42,11,2*5E
$GPCHC,2252,283851.90,180.09,-0.91,-1.70,-2.00,4.12,0.91,0.1919,0.0238,0.8063,34.23389329,108.67225000,358.71,-0.132,-4.055,-0.134,4.057,46,44,42,11,2*5A
$GPCHC,2252,283851.95,180.08,-0.95,-1.45,-0.96,6.37,-0.20,0.1160,0.0154,0.9918,34.23389146,108.67224991,358.70,-0.193,-4.080,-0.125,4.084,46,44,42,11,2*7F
$GPCHC,2252,283852.00,180.13,-0.98,-1.23,-0.17,4.46,-1.49,-0.0055,0.0087,0.7159,34.23388962,108.67224981,358.69,-0.175,-4.085,-0.129,4.088,46,44,42,11,2*58
$GPCHC,2252,283852.05,180.21,-0.83,-1.05,4.24,2.35,-1.89,-0.2479,-0.1592,0.6555,34.23388779,108.67224974,358.68,-0.086,-4.033,-0.296,4.034,46,44,42,11,2*56
$GPCHC,2252,283852.10,180.31,-0.47,-0.99,7.62,0.52,-1.70,-0.0935,0.2686,0.9487,34.23388597,108.67224972,358.67,0.005,-4.062,-0.386,4.062,46,44,42,11,2*5F
$GPCHC,2252,283852.15,180.37,-0.22,-1.02,1.51,-1.86,-1.43,-0.0796,0.3760,1.3417,34.23388409,108.67224980,358.65,0.072,-4.248,-0.163,4.249,46,44,42,2,2*41
$GPCHC,2252,283852.20,180.42,-0.31,-1.10,-6.07,0.30,-0.44,0.0735,0.7282,1.8583,34.23388212,108.67224984,358.65,0.059,-4.533,0.284,4.533,46,44,42,2,2*43
$GPCHC,2252,283852.25,180.41,-1.11,-1.25,-15.31,-3.92,0.77,-0.0343,0.0817,0.7041,34.23388001,108.67224987,358.68,0.075,-4.737,0.561,4.737,46,44,42,2,2*5C
$GPCHC,2252,283852.30,180.37,-1.81,-1.44,-11.61,-5.79,1.41,0.1875,-0.2806,0.6428,34.23387789,108.67224994,358.70,0.034,-4.659,0.420,4.659,46,44,42,2,2*54
$GPCHC,2252,283852.35,180.32,-2.17,-1.50,-1.96,-0.78,0.97,0.1754,-0.4236,0.4359,34.23387584,108.67224994,358.71,-0.047,-4.446,0.003,4.446,46,44,42,2,2*48
$GPCHC,2252,283852.40,180.29,-1.98,-1.33,7.51,5.97,0.42,0.2490,-0.0897,0.8424,34.23387388,108.67224987,358.70,-0.201,-4.301,-0.368,4.305,46,44,42,2,2*62
$GPCHC,2252,283852.45,180.32,-1.58,-1.03,8.22,3.49,-2.04,-0.3286,0.2089,1.1444,34.23387191,108.67224983,358.68,-0.065,-4.348,-0.367,4.348,46,43,42,2,2*41
$GPCHC,2252,283852.50,180.47,-1.26,-0.96,7.86,0.18,-3.01,-0.3030,0.3040,1.0419,34.23386993,108.67224984,358.67,0.089,-4.464,-0.352,4.464,46,43,42,2,2*69
$GPCHC,2252,283852.55,180.60,-1.13,-1.19,1.74,-5.74,-2.10,0.0842,0.3139,1.2049,34.23386788,108.67224993,358.66,0.163,-4.639,-0.140,4.642,46,43,42,2,2*65
$GPCHC,2252,283852.60,180.63,-1.20,-1.36,-3.45,-2.72,0.22,0.1861,0.1076,1.3750,34.23386575,108.67224997,358.65,0.014,-4.755,0.031,4.755,46,43,42,2,2*49
$GPCHC,2252,283852.65,180.58,-1.37,-1.42,-3.44,-1.64,1.43,0.0130,0.0143,0.9001,34.23386360,108.67225000,358.65,-0.030,-4.802,0.027,4.802,46,44,42,3,2*6E
$GPCHC,2252,283852.70,180.50,-1.45,-1.52,-0.72,-2.27,1.85,0.1622,-0.2006,0.8021,34.23386145,108.67224998,358.65,-0.042,-4.727,-0.079,4.727,46,44,42,3,2*68
$GPCHC,2252,283852.75,180.41,-1.25,-1.52,5.58,0.15,1.29,-0.0236,0.0131,1.1497,34.23385934,108.67224994,358.64,-0.085,-4.685,-0.199,4.685,46,44,42,3,2*61
$GPCHC,2252,283852.80,180.42,-1.02,-1.51,7.02,2.06,-1.09,0.0537,0.1043,0.9921,34.23385723,108.67224991,358.64,-0.062,-4.691,-0.201,4.691,46,44,42,3,2*6D
$GPCHC,2252,283852.85,180.53,-0.77,-1.39,2.13,0.98,-3.11,0.0745,0.1560,1.1179,34.23385509,108.67224992,358.63,-0.022,-4.810,-0.019,4.810,46,44,42,2,2*61
$GPCHC,2252,283852.90,180.67,-0.60,-1.24,6.73,1.33,-2.25,0.0395,-0.0184,1.0825,34.23385292,108.67224989,358.62,-0.081,-4.785,-0.199,4.785,46,44,42,2,2*48
$GPCHC,2252,283852.95,180.75,-0.31,-1.17,4.75,-0.73,-1.33,-0.2454,0.0674,0.9947,34.23385075,108.67224986,358.61,-0.004,-4.847,-0.206,4.847,46,44,42,2,2*60
$GPCHC,2252,283853.00,180.77,0.01,-1.36,10.25,-4.84,-0.23,-0.2904,-0.0410,0.9902,34.23384857,108.67224989,358.60,0.107,-4.814,-0.395,4.815,46,44,42,2,2*78
$GPCHC,2252,283853.05,180.77,0.35,-1.83,5.30,-11.99,-0.35,0.0757,0.2393,1.3729,34.23384637,108.67225000,358.59,0.270,-4.943,-0.158,4.950,46,44,42,2,2*7B
$GPCHC,2252,283853.10,180.75,0.41,-2.21,3.95,-5.30,0.37,0.2742,0.0793,0.4574,34.23384414,108.67225010,358.59,0.094,-4.960,-0.072,4.961,46,44,42,2,2*69
$GPCHC,2252,283853.15,180.74,0.58,-2.26,-0.05,0.30,-0.04,0.2670,0.2038,1.0146,34.23384189,108.67225014,358.59,-0.004,-5.071,0.121,5.071,46,44,42,2,2*4E
$GPCHC,2252,283853.20,180.73,0.57,-2.14,-0.24,0.08,-0.24,0.1942,0.0707,0.6326,34.23383959,108.67225009,358.59,-0.123,-5.122,0.030,5.124,46,44,42,2,2*41
$GPCHC,2252,283853.25,180.77,0.65,-1.81,1.83,6.94,-1.08,0.2524,0.0364,0.5893,34.23383729,108.67225003,358.58,-0.217,-5.140,-0.166,5.144,46,44,42,2,2*40
$GPCHC,2252,283853.30,180.81,0.81,-1.40,2.75,8.88,-1.06,-0.1447,0.1375,1.0347,34.23383497,108.67224988,358.57,-0.255,-5.174,-0.249,5.181,46,44,42,2,2*64
$GPCHC,2252,283853.35,180.89,0.90,-1.25,0.73,-2.72,-1.80,-0.4617,0.2148,1.1316,34.23383261,108.67224980,358.56,-0.021,-5.279,-0.165,5.279,46,44,42,2,2*4A
$GPCHC,2252,283853.40,180.96,0.81,-1.53,-4.88,-9.00,-1.02,-0.2076,0.3002,1.5074,34.23383021,108.67224984,358.56,0.151,-5.402,0.151,5.405,46,44,42,2,2*60
$GPCHC,2252,283853.45,180.99,0.43,-2.01,-7.65,-7.21,0.27,0.1976,-0.0479,1.0153,34.23382776,108.67224996,358.57,0.149,-5.467,0.360,5.469,46,44,42,2,2*40
$GPCHC,2252,283853.50,180.94,0.11,-2.30,-5.09,-6.24,1.26,0.1610,-0.1201,0.6101,34.23382531,108.67225000,358.59,0.040,-5.394,0.272,5.394,46,44,42,2,2*4B
$GPCHC,2252,283853.55,180.87,0.15,-2.34,4.95,0.55,1.42,0.1777,-0.1624,0.3907,34.23382291,108.67224999,358.60,-0.075,-5.259,-0.088,5.259,46,44,42,2,2*4C
$GPCHC,2252,283853.60,180.84,0.44,-2.31,7.97,-0.21,-0.25,0.0846,0.1391,0.7842,34.23382054,108.67224995,358.59,-0.068,-5.273,-0.261,5.274,46,44,42,2,2*67
$GPCHC,2252,283853.65,180.88,0.70,-2.18,4.10,5.00,-1.88,-0.0153,0.3821,1.1600,34.23381814,108.67224993,358.58,-0.077,-5.414,-0.143,5.415,46,45,42,3,2*6D
$GPCHC,2252,283853.70,181.01,0.61,-2.14,-7.38,-2.88,-2.66,0.2056,0.4001,1.4511,34.23381564,108.67224993,358.58,0.027,-5.660,0.283,5.660,46,45,42,3,2*49
$GPCHC,2252,283853.75,181.08,-0.00,-1.97,-18.58,3.85,0.24,-0.0322,0.1720,1.7757,34.23381304,108.67224986,358.61,-0.177,-5.883,0.747,5.886,46,45,42,3,2*55
$GPCHC,2252,283853.80,181.12,-0.89,-1.99,-15.59,-0.83,-0.02,0.2663,-0.4369,0.2551,34.23381040,108.67224980,358.64,-0.128,-5.785,0.497,5.786,46,45,42,3,2*5A
$GPCHC,2252,283853.85,181.11,-1.18,-1.73,-2.31,11.12,-0.17,0.1920,-0.5210,0.0225,34.23380787,108.67224970,358.64,-0.296,-5.507,-0.140,5.515,46,45,42,3,2*5D
$GPCHC,2252,283853.90,181.14,-0.89,-1.31,8.27,8.25,-0.88,0.0876,-0.2960,0.3897,34.23380543,108.67224953,358.62,-0.329,-5.340,-0.638,5.351,46,45,42,3,2*42
$GPCHC,2252,283853.95,181.16,-0.27,-0.95,10.40,2.92,-0.58,-0.2052,0.1765,1.2603,34.23380304,108.67224935,358.59,-0.273,-5.310,-0.645,5.317,46,45,42,3,2*74
$GPCHC,2252,283854.00,181.19,0.41,-0.83,6.92,-3.00,-1.35,-0.5535,0.6114,2.4519,34.23380061,108.67224927,358.56,0.014,-5.526,-0.147,5.526,46,45,42,3,2*66
$GPCHC,2252,283854.05,181.29,0.17,-1.28,-4.48,-14.01,-1.88,-0.3691,0.3824,1.7284,34.23379805,108.67224935,358.57,0.269,-5.792,0.433,5.798,46,45,42,3,2*5A
$GPCHC,2252,283854.10,181.36,-0.41,-1.86,-11.42,-8.87,-0.54,0.1878,0.1369,0.5465,34.23379541,108.67224950,358.61,0.230,-5.884,0.796,5.888,46,45,42,3,2*56
$GPCHC,2252,283854.15,181.40,-0.92,-2.30,-9.04,-9.22,-0.40,0.1518,-0.4819,0.4010,34.23379277,108.67224961,358.64,0.190,-5.777,0.606,5.780,46,45,42,3,2*4A
$GPCHC,2252,283854.20,181.41,-0.88,-2.50,5.76,-2.03,-0.71,0.1500,-0.3401,-0.2440,34.23379025,108.67224968,358.65,0.066,-5.520,-0.122,5.521,46,45,42,3,2*6F
$GPCHC,2252,283854.25,181.44,-0.36,-2.50,12.92,3.33,-1.32,0.4107,-0.3580,0.2198,34.23378780,108.67224967,358.63,-0.073,-5.336,-0.584,5.337,46,45,42,3,2*7D
$GPCHC,2252,283854.30,181.46,0.44,-2.23,18.36,5.37,-1.01,0.2111,0.1731,0.6433,34.23378542,108.67224962,358.60,-0.194,-5.354,-0.909,5.357,43,42,42,3,2*7C
$GPCHC,2252,283854.35,181.44,1.13,-1.97,8.49,4.37,0.14,0.0837,0.6193,1.4715,34.23378296,108.67224947,358.56,-0.307,-5.584,-0.580,5.592,43,42,42,3,2*6B
$GPCHC,2252,283854.40,181.44,1.10,-1.66,-7.92,7.27,-0.05,0.0909,0.4424,1.5749,34.23378038,108.67224931,358.55,-0.288,-5.863,0.135,5.870,43,42,42,3,2*40
$GPCHC,2252,283854.45,181.44,0.67,-1.51,-7.33,2.13,-0.12,-0.3286,-0.1519,1.1679,34.23377771,108.67224917,358.56,-0.194,-5.915,0.257,5.918,43,42,42,3,2*48
$GPCHC,2252,283854.50,181.49,0.32,-1.73,-2.96,-7.20,-0.77,-0.0371,-0.3521,0.7578,34.23377511,108.67224913,358.57,-0.083,-5.719,0.093,5.720,44,42,42,3,2*6A
$GPCHC,2252,283854.55,181.55,0.43,-1.86,2.98,-4.57,-1.66,-0.0979,-0.0357,1.2605,34.23377255,108.67224910,358.57,-0.016,-5.673,0.067,5.673,44,42,42,3,2*4D
$GPCHC,2252,283854.60,181.67,0.35,-2.03,-2.26,-2.34,-2.23,0.2380,-0.0236,1.3421,34.23376999,108.67224911,358.58,-0.013,-5.676,0.323,5.676,44,42,42,3,2*4E
$GPCHC,2252,283854.65,181.77,0.30,-1.97,-0.56,1.58,-2.18,0.0881,-0.0257,0.6520,34.23376745,108.67224907,358.60,-0.078,-5.619,0.275,5.620,44,42,42,3,2*65
$GPCHC,2252,283854.70,181.86,0.22,-1.73,-4.55,9.45,-1.35,0.2824,-0.0746,0.9596,34.23376492,108.67224899,358.61,-0.233,-5.680,0.384,5.685,44,41,42,4,2*64
$GPCHC,2252,283854.75,181.91,0.12,-1.51,0.48,0.78,-1.42,-0.0222,-0.1861,0.2911,34.23376239,108.67224888,358.62,-0.174,-5.557,0.031,5.560,44,41,42,4,2*6E
$GPCHC,2252,283854.80,181.96,0.33,-1.38,4.39,1.35,-0.65,0.0651,-0.1257,0.5889,34.23375990,108.67224876,358.62,-0.224,-5.484,-0.277,5.489,44,41,42,4,2*6C
$GPCHC,2252,283854.85,181.99,0.61,-1.27,6.88,1.40,-0.95,0.2627,0.1579,1.0317,34.23375743,108.67224864,358.60,-0.250,-5.484,-0.475,5.489,44,41,42,4,2*41
$GPCHC,2252,283854.90,182.00,0.76,-1.07,-1.27,3.27,-0.38,0.0382,0.4065,1.3245,34.23375495,108.67224849,358.58,-0.311,-5.623,-0.227,5.632,44,41,42,4,2*6D
$GPCHC,2252,283854.95,182.02,0.48,-0.76,-8.02,11.24,0.24,0.1476,0.0477,0.9391,34.23375238,108.67224828,358.58,-0.433,-5.726,0.066,5.743,44,41,42,4,2*5B
$GPCHC,2252,283855.00,182.02,0.08,-0.44,-13.41,3.60,-0.17,-0.0459,0.2041,1.5142,34.23374978,108.67224806,358.58,-0.394,-5.829,0.368,5.842,44,41,42,4,2*58
$GPCHC,2252,283855.05,182.03,-0.58,-0.19,-11.12,4.81,-0.39,-0.3162,-0.2166,0.7899,34.23374716,108.67224786,358.60,-0.296,-5.784,0.416,5.792,44,41,42,4,2*5A
$GPCHC,2252,283855.10,182.07,-1.11,-0.24,-11.00,-2.70,-0.87,-0.0626,-0.6251,1.2214,34.23374459,108.67224775,358.63,-0.168,-5.598,0.524,5.601,44,41,42,4,2*76
$GPCHC,2252,283855.15,182.12,-1.44,-0.34,-0.70,-2.26,-0.81,-0.1426,-0.8040,0.5876,34.23374214,108.67224768,358.65,-0.091,-5.259,0.254,5.260,44,41,42,4,2*48
$GPCHC,2252,283855.20,182.15,-1.38,-0.58,4.64,-4.75,-0.27,0.0851,-0.7166,0.5586,34.23373987,108.67224766,358.65,-0.055,-4.913,-0.012,4.913,45,41,42,4,2*66
$GPCHC,2252,283855.25,182.13,-1.02,-0.71,7.23,1.33,0.67,0.2925,-0.4183,0.8407,34.23373771,108.67224760,358.65,-0.157,-4.699,-0.113,4.701,45,41,42,4,2*6B
$GPCHC,2252,283855.30,182.02,-0.68,-0.66,6.13,1.41,2.79,0.3033,-0.4974,0.8835,34.23373565,108.67224747,358.64,-0.339,-4.517,-0.155,4.530,46,41,42,4,2*61
$GPCHC,2252,283855.35,181.86,-0.18,-0.40,12.46,3.17,3.24,-0.1778,-0.0149,1.0993,34.23373366,108.67224727,358.63,-0.326,-4.367,-0.361,4.379,46,41,42,4,2*71
$GPCHC,2252,283855.40,181.74,0.12,-0.37,1.90,-3.97,1.85,-0.0175,0.1640,1.2151,34.23373168,108.67224713,358.62,-0.216,-4.418,-0.116,4.423,46,41,42,4,2*6D
$GPCHC,2252,283855.45,181.67,0.19,-0.25,-1.92,8.23,0.40,-0.0986,0.1075,0.6548,34.23372968,108.67224702,358.61,-0.185,-4.460,-0.038,4.464,46,41,42,4,2*63
$GPCHC,2252,283855.50,181.69,0.09,-0.13,-1.40,6.63,-0.76,0.2828,-0.1070,0.8536,34.23372771,108.67224691,358.61,-0.251,-4.413,-0.055,4.420,46,42,42,4,2*4E
$GPCHC,2252,283855.55,181.77,0.00,0.20,-0.08,4.53,-1.84,0.1013,-0.1942,1.1509,34.23372574,108.67224676,358.61,-0.307,-4.333,-0.077,4.344,46,42,42,4,2*63
$GPCHC,2252,283855.60,181.85,-0.06,0.60,3.20,4.90,-1.40,0.0258,-0.2721,1.1501,34.23372381,108.67224657,358.61,-0.344,-4.191,-0.208,4.205,46,42,42,4,2*64
$GPCHC,2252,283855.65,181.88,0.00,1.01,0.35,11.97,0.19,0.0228,-0.1891,1.5044,34.23372198,108.67224637,358.60,-0.406,-4.078,-0.054,4.098,46,42,42,5,2*53
$GPCHC,2252,283855.70,181.84,-0.08,1.32,-3.33,5.11,0.93,-0.0608,-0.2854,1.1990,34.23372017,108.67224615,358.60,-0.402,-3.968,0.145,3.988,46,42,42,5,2*64
$GPCHC,2252,283855.75,181.82,-0.11,1.60,-1.16,5.88,0.17,-0.1610,-0.3107,1.1127,34.23371842,108.67224596,358.61,-0.340,-3.811,0.141,3.826,46,42,42,5,2*6E
$GPCHC,2252,283855.80,181.84,-0.08,1.83,0.05,4.32,-0.76,-0.3815,-0.3432,0.9426,34.23371674,108.67224581,358.61,-0.190,-3.652,0.091,3.657,46,42,42,5,2*6B
$GPCHC,2252,283855.85,181.90,0.04,1.77,3.38,-1.21,-1.65,-0.3343,-0.1167,1.0329,34.23371513,108.67224577,358.61,0.016,-3.526,-0.009,3.526,46,42,42,5,2*6A
$GPCHC,2252,283855.90,181.99,0.07,1.49,-2.07,-8.17,-1.68,-0.1977,-0.0330,1.2333,34.23371356,108.67224579,358.61,0.121,-3.524,0.168,3.526,45,42,42,5,2*69
$GPCHC,2252,283855.95,182.06,-0.13,1.06,-2.66,-9.65,-1.22,-0.1206,-0.2748,0.6865,34.23371199,108.67224589,358.62,0.218,-3.429,0.127,3.436,45,42,42,5,2*4D
$GPCHC,2252,283856.00,182.08,-0.23,0.62,0.07,-7.18,-0.12,0.1078,-0.2994,0.7305,34.23371048,108.67224599,358.63,0.185,-3.282,-0.018,3.287,45,42,42,5,2*66
$GPCHC,2252,283856.05,182.04,-0.30,0.31,0.04,-6.75,1.07,-0.0188,-0.3624,0.6673,34.23370903,108.67224607,358.63,0.136,-3.115,-0.064,3.118,45,42,42,5,2*60
$GPCHC,2252,283856.10,181.98,-0.30,-0.01,0.01,-7.78,1.40,-0.0024,-0.3888,0.8622,34.23370767,108.67224614,358.63,0.150,-2.921,-0.088,2.925,45,42,42,5,2*46
$GPCHC,2252,283856.15,181.91,-0.27,-0.29,0.24,-3.85,1.04,0.2507,-0.3498,1.2194,34.23370644,108.67224620,358.62,0.087,-2.740,-0.045,2.742,46,42,42,5,2*69
$GPCHC,2252,283856.20,181.89,-0.38,-0.44,-4.18,-4.35,-0.07,0.2346,-0.3590,1.3610,34.23370524,108.67224622,358.62,0.006,-2.587,0.124,2.587,46,42,42,5,2*41
$GPCHC,2252,283856.25,181.91,-0.59,-0.32,-6.10,3.80,-0.44,0.2255,-0.4270,1.1408,34.23370416,108.67224618,358.63,-0.109,-2.393,0.212,2.396,45,41,42,5,2*4E
$GPCHC,2252,283856.30,181.92,-0.70,0.02,0.35,12.20,-0.54,-0.0518,-0.3747,0.7983,34.23370314,108.67224608,358.63,-0.147,-2.157,0.008,2.162,45,41,42,5,2*51
$GPCHC,2252,283856.35,181.91,-0.61,0.16,4.71,-5.00,0.14,-0.1541,-0.4824,1.2311,34.23370221,108.67224602,358.63,-0.066,-1.946,-0.090,1.947,45,41,42,5,2*47
$GPCHC,2252,283856.40,181.94,-0.44,0.06,4.70,-5.77,-0.67,-0.0766,-0.3373,1.2908,34.23370137,108.67224600,358.63,-0.004,-1.777,-0.089,1.777,45,41,42,5,2*6F
$GPCHC,2252,283856.45,182.00,-0.34,-0.01,1.95,1.59,-1.32,0.0636,-0.3192,1.2553,34.23370065,108.67224599,358.62,-0.005,-1.638,-0.036,1.638,45,41,42,5,2*44
$GPCHC,2252,283856.50,182.04,-0.34,-0.02,-0.52,1.32,-0.85,0.0758,-0.3507,1.1763,34.23369994,108.67224598,358.62,-0.045,-1.482,0.044,1.482,45,41,42,5,2*41
$GPCHC,2252,283856.55,182.07,-0.42,0.03,-2.23,2.16,-0.36,0.0761,-0.4386,0.7869,34.23369932,108.67224594,358.63,-0.087,-1.287,0.058,1.290,45,41,42,5,2*67
$GPCHC,2252,283856.60,182.06,-0.43,0.24,2.08,6.70,0.23,0.0563,-0.5417,0.9119,34.23369879,108.67224587,358.63,-0.134,-1.052,-0.051,1.060,45,41,42,5,2*45
$GPCHC,2252,283856.65,182.04,-0.42,0.40,0.54,-1.90,0.59,-0.0779,-0.4321,0.7835,34.23369841,108.67224579,358.63,-0.117,-0.830,-0.021,0.838,46,41,42,6,2*48
$GPCHC,2252,283856.70,182.02,-0.36,0.54,1.43,7.81,0.36,-0.0397,-0.3698,0.5611,34.23369807,108.67224572,358.63,-0.117,-0.653,-0.038,0.663,46,41,42,6,2*6D
$GPCHC,2252,283856.75,182.00,-0.28,0.57,2.44,4.25,0.11,-0.0017,-0.3903,0.7896,34.23369782,108.67224568,358.63,-0.095,-0.471,-0.021,0.480,46,41,42,6,2*68
$GPCHC,2252,283856.80,182.02,-0.26,0.58,-1.33,-3.72,-0.49,0.0185,-0.4142,0.9516,34.23369764,108.67224564,358.63,-0.081,-0.298,0.086,0.309,46,41,42,6,2*47
$GPCHC,2252,283856.85,182.06,-0.29,0.71,-3.91,1.64,-1.05,-0.0227,-0.4792,0.7974,34.23369760,108.67224558,358.63,-0.080,-0.098,0.119,0.127,46,43,42,6,2*41
$GPCHC,2252,283856.90,182.10,-0.31,0.94,-2.65,9.02,-0.55,-0.0957,-0.4302,0.7255,34.23369761,108.67224554,358.63,-0.061,0.123,0.055,0.138,46,43,42,6,2*66
$GPCHC,2252,283856.95,182.09,-0.25,0.99,0.67,-0.46,0.49,-0.1391,-0.2057,0.6678,34.23369770,108.67224552,358.63,-0.001,0.271,-0.064,0.271,46,43,42,6,2*61
$GPCHC,2252,283857.00,182.06,-0.06,0.90,3.77,-6.29,0.97,-0.0962,0.0744,0.8215,34.23369783,108.67224554,358.63,0.053,0.287,-0.155,0.291,46,43,42,6,2*6D
$GPCHC,2252,283857.05,182.02,0.21,0.81,4.30,-1.68,0.75,-0.0590,0.2646,1.1025,34.23369794,108.67224557,358.62,0.077,0.185,-0.133,0.200,46,43,42,6,2*4C
$GPCHC,2252,283857.10,181.99,0.35,0.70,0.61,-1.06,0.29,-0.0283,0.2983,1.1932,34.23369799,108.67224562,358.61,0.088,0.034,0.023,0.094,46,43,42,6,2*6E
$GPCHC,2252,283857.15,181.99,0.35,0.60,-1.39,-3.37,-0.08,0.0218,0.2215,1.0838,34.23369803,108.67224566,358.62,0.081,-0.093,0.122,0.123,46,43,42,6,2*6B
$GPCHC,2252,283857.20,182.00,0.24,0.53,-3.27,-1.22,-0.41,0.0645,0.0463,1.0329,34.23369798,108.67224569,358.62,0.054,-0.148,0.163,0.158,46,43,42,6,2*6E
$GPCHC,2252,283857.25,182.02,0.11,0.52,-2.59,1.05,-0.30,0.0791,-0.1144,0.8499,34.23369796,108.67224570,358.63,0.012,-0.114,0.093,0.114,46,43,42,6,2*63
$GPCHC,2252,283857.30,182.02,0.05,0.52,-0.58,0.10,0.06,0.0773,-0.1737,0.9213,34.23369793,108.67224569,358.63,-0.032,-0.031,0.001,0.045,46,43,42,6,2*6D
$GPCHC,2252,283857.35,182.01,0.04,0.56,0.35,-0.46,0.38,0.0418,-0.1188,0.9859,34.23369793,108.67224567,358.63,-0.067,0.045,-0.047,0.081,46,43,42,6,2*64
$GPCHC,2252,283857.40,182.00,0.07,0.65,1.16,3.17,0.17,-0.0238,-0.0239,1.0656,34.23369796,108.67224563,358.63,-0.075,0.079,-0.065,0.109,46,43,42,6,2*67
$GPCHC,2252,283857.45,182.00,0.11,0.75,0.92,2.08,-0.17,-0.0756,0.0609,1.1056,34.23369799,108.67224560,358.62,-0.045,0.063,-0.033,0.078,46,43,42,6,2*6A
$GPCHC,2252,283857.50,182.02,0.14,0.78,0.39,-1.19,-0.24,-0.0862,0.1037,1.0944,34.23369804,108.67224558,358.62,-0.003,0.019,0.011,0.020,46,43,42,6,2*6D
$GPCHC,2252,283857.55,182.03,0.14,0.77,-0.31,-0.31,-0.17,-0.0595,0.0708,1.0421,34.23369804,108.67224558,358.62,0.022,-0.026,0.050,0.034,46,43,42,6,2*46
$GPCHC,2252,283857.60,182.02,0.11,0.75,-0.50,0.35,0.12,-0.0356,0.0043,0.9554,34.23369802,108.67224560,358.63,0.031,-0.040,0.054,0.050,46,43,42,6,2*42
$GPCHC,2252,283857.65,182.01,0.08,0.69,-0.51,-1.83,0.17,-0.0240,-0.0459,0.9088,34.23369801,108.67224562,358.63,0.044,-0.026,0.038,0.051,46,43,42,6,2*4C
$GPCHC,2252,283857.70,182.00,0.07,0.65,-0.10,-1.07,0.11,0.0068,-0.0652,0.9325,34.23369803,108.67224563,358.63,0.041,0.007,0.006,0.041,46,43,42,7,2*48
$GPCHC,2252,283857.75,182.00,0.08,0.61,0.36,-0.07,-0.11,0.0255,-0.0369,0.9774,34.23369804,108.67224565,358.63,0.028,0.035,-0.018,0.045,46,43,42,7,2*6B
$GPCHC,2252,283857.80,182.01,0.11,0.60,0.68,0.10,-0.13,0.0317,0.0116,1.0097,34.23369806,108.67224566,358.63,0.008,0.040,-0.020,0.041,46,43,42,7,2*67
$GPCHC,2252,283857.85,182.01,0.13,0.59,0.12,-0.04,-0.00,0.0387,0.0483,1.0561,34.23369807,108.67224566,358.63,-0.018,0.024,0.007,0.030,46,43,42,7,2*40
$GPCHC,2252,283857.90,182.01,0.13,0.62,-0.34,1.00,0.07,0.0065,0.0448,1.0131,34.23369810,108.67224564,358.63,-0.037,0.002,0.027,0.037,46,43,42,7,2*66
$GPCHC,2252,283857.95,182.01,0.12,0.66,-0.58,1.02,0.09,-0.0350,0.0102,0.9843,34.23369810,108.67224562,358.63,-0.035,-0.011,0.035,0.036,46,43,42,7,2*6E
$GPCHC,2252,283858.00,182.01,0.11,0.69,-0.14,0.07,-0.03,-0.0460,-0.0181,0.9846,34.23369810,108.67224561,358.63,-0.015,-0.005,0.019,0.016,46,43,42,7,2*65
$GPCHC,2252,283858.05,182.01,0.10,0.70,-0.11,-0.43,-0.09,-0.0454,-0.0278,0.9971,34.23369810,108.67224560,358.63,0.005,0.008,0.009,0.009,46,43,42,7,2*4E
$GPCHC,2252,283858.10,182.02,0.10,0.69,-0.13,-0.25,-0.09,-0.0312,-0.0162,1.0072,34.23369811,108.67224561,358.63,0.017,0.019,0.007,0.025,46,43,42,7,2*4F
$GPCHC,2252,283858.15,182.02,0.11,0.67,0.10,-0.44,0.02,-0.0101,0.0053,1.0077,34.23369812,108.67224562,358.63,0.019,0.022,0.005,0.028,46,43,42,7,2*68
$GPCHC,2252,283858.20,182.01,0.12,0.66,0.09,-0.36,0.15,0.0004,0.0227,1.0278,34.23369814,108.67224562,358.63,0.012,0.016,0.012,0.020,46,45,42,7,2*43
$GPCHC,2252,283858.25,182.00,0.12,0.64,-0.03,0.00,0.07,0.0007,0.0203,0.9961,34.23369815,108.67224563,358.63,0.006,0.006,0.015,0.008,46,45,42,7,2*4E
$GPCHC,2252,283858.30,182.00,0.12,0.64,-0.11,0.06,-0.05,0.0044,0.0046,1.0040,34.23369815,108.67224562,358.63,0.000,0.002,0.017,0.002,46,45,42,6,2*6C
$GPCHC,2252,283858.35,182.01,0.11,0.64,-0.08,-0.10,-0.09,0.0079,-0.0110,0.9898,34.23369815,108.67224562,358.63,-0.008,0.005,0.011,0.010,46,45,42,6,2*46
$GPCHC,2252,283858.40,182.01,0.11,0.65,0.02,0.13,-0.01,-0.0007,-0.0130,1.0136,34.23369816,108.67224562,358.63,-0.016,0.013,0.006,0.021,46,45,42,6,2*68
$GPCHC,2252,283858.45,182.01,0.11,0.67,0.12,0.31,0.08,-0.0183,-0.0031,1.0168,34.23369816,108.67224561,358.63,-0.018,0.019,0.006,0.025,46,45,42,6,2*4F
$GPCHC,2252,283858.50,182.01,0.12,0.68,0.11,0.01,0.08,-0.0301,0.0095,1.0094,34.23369817,108.67224560,358.63,-0.010,0.017,0.008,0.020,46,45,42,6,2*63
$GPCHC,2252,283858.55,182.01,0.12,0.68,0.06,-0.06,0.02,-0.0316,0.0135,0.9971,34.23369818,108.67224559,358.63,0.000,0.012,0.010,0.012,46,45,42,6,2*63
$GPCHC,2252,283858.60,182.01,0.12,0.68,0.04,-0.14,-0.05,-0.0219,0.0079,0.9947,34.23369818,108.67224560,358.63,0.008,0.007,0.009,0.011,46,45,42,6,2*41
$GPCHC,2252,283858.65,182.01,0.12,0.67,-0.01,-0.25,-0.05,-0.0087,0.0001,1.0002,34.23369818,108.67224560,358.63,0.009,0.006,0.009,0.011,46,45,42,6,2*6B
$GPCHC,2252,283858.70,182.01,0.11,0.65,-0.06,-0.39,0.05,-0.0023,-0.0064,1.0061,34.23369819,108.67224560,358.63,0.005,0.009,0.010,0.010,46,45,42,7,2*66
$GPCHC,2252,283858.75,182.01,0.11,0.65,0.02,0.03,0.07,0.0024,-0.0052,1.0061,34.23369819,108.67224560,358.63,-0.002,0.014,0.009,0.014,46,45,42,7,2*69
$GPCHC,2252,283858.80,182.00,0.12,0.65,0.08,0.16,0.05,-0.0014,0.0032,0.9973,34.23369820,108.67224560,358.63,-0.008,0.015,0.008,0.017,46,45,42,7,2*69
$GPCHC,2252,283858.85,182.00,0.12,0.66,-0.02,0.09,-0.05,-0.0069,0.0095,1.0052,34.23369820,108.67224559,358.63,-0.010,0.012,0.011,0.016,46,45,42,7,2*63
$GPCHC,2252,283858.90,182.01,0.12,0.66,-0.03,0.22,-0.05,-0.0110,0.0075,0.9945,34.23369820,108.67224559,358.63,-0.011,0.009,0.009,0.014,46,45,42,7,2*68
$GPCHC,2252,283858.95,182.01,0.11,0.67,0.02,0.22,-0.04,-0.0141,0.0008,1.0052,34.23369821,108.67224558,358.63,-0.011,0.008,0.008,0.014,46,45,42,7,2*4B
$GPCHC,2252,283859.00,182.01,0.11,0.67,0.03,-0.04,0.03,-0.0188,-0.0036,1.0025,34.23369821,108.67224558,358.63,-0.009,0.010,0.008,0.014,46,45,42,7,2*61
$GPCHC,2252,283859.05,182.01,0.11,0.68,0.05,0.05,0.05,-0.0240,-0.0023,1.0059,34.23369822,108.67224558,358.63,-0.004,0.013,0.008,0.013,46,45,42,7,2*45
$GPCHC,2252,283859.10,182.01,0.11,0.67,0.03,-0.10,0.01,-0.0213,0.0014,1.0023,34.23369822,108.67224558,358.63,0.002,0.014,0.009,0.014,46,45,42,7,2*6D
$GPCHC,2252,283859.15,182.00,0.12,0.67,0.04,-0.20,0.02,-0.0089,0.0055,0.9967,34.23369821,108.67224553,358.63,0.002,0.012,0.007,0.012,46,45,42,3,2*6A
$GPCHC,2252,283859.20,182.00,0.11,0.66,-0.03,-0.09,0.03,-0.0004,0.0059,1.0010,34.23369822,108.67224553,358.63,-0.003,0.010,0.008,0.010,46,45,42,3,2*66
$GPCHC,2252,283859.25,182.00,0.11,0.66,-0.07,-0.04,-0.00,0.0005,0.0024,1.0022,34.23369821,108.67224550,358.63,-0.009,0.008,0.009,0.013,46,44,42,3,2*63
$GPCHC,2252,283859.30,182.00,0.11,0.66,-0.01,0.16,-0.02,-0.0035,-0.0017,1.0024,34.23369821,108.67224549,358.63,-0.014,0.010,0.009,0.017,46,44,42,3,2*41
$GPCHC,2252,283859.35,182.00,0.11,0.67,-0.02,0.04,-0.01,-0.0104,-0.0017,1.0008,34.23369822,108.67224549,358.63,-0.016,0.012,0.009,0.020,46,44,42,3,2*4C
$GPCHC,2252,283859.40,182.00,0.11,0.67,0.03,0.13,-0.03,-0.0161,0.0016,1.0016,34.23369822,108.67224548,358.63,-0.015,0.013,0.007,0.019,46,44,42,3,2*41
$GPCHC,2252,283859.45,182.00,0.11,0.68,0.06,0.20,-0.00,-0.0200,0.0040,1.0000,34.23369822,108.67224545,358.63,-0.012,0.012,0.006,0.017,46,44,42,3,2*49
$GPCHC,2252,283859.50,182.00,0.11,0.68,-0.02,-0.20,0.03,-0.0191,0.0052,1.0062,34.23369822,108.67224545,358.63,-0.008,0.010,0.008,0.013,46,44,42,3,2*68
$GPCHC,2252,283859.55,182.00,0.11,0.67,0.00,-0.03,0.02,-0.0148,0.0028,0.9998,34.23369823,108.67224544,358.63,-0.006,0.009,0.008,0.011,46,44,42,3,2*44
$GPCHC,2252,283859.60,182.00,0.11,0.67,0.01,-0.06,0.05,-0.0107,0.0002,1.0031,34.23369823,108.67224544,358.63,-0.006,0.009,0.008,0.011,46,44,42,3,2*40
$GPCHC,2252,283859.65,182.00,0.11,0.67,-0.05,-0.16,0.01,-0.0056,-0.0009,0.9996,34.23369822,108.67224542,358.63,-0.008,0.010,0.008,0.013,46,44,42,4,2*42
$GPCHC,2252,283859.70,182.00,0.11,0.66,0.02,0.07,-0.01,-0.0025,0.0007,0.9993,34.23369823,108.67224542,358.63,-0.012,0.011,0.006,0.016,46,44,42,4,2*4F
$GPCHC,2252,283859.75,182.00,0.11,0.67,0.01,0.07,-0.01,-0.0037,0.0028,1.0034,34.23369823,108.67224541,358.63,-0.016,0.011,0.007,0.020,46,44,42,4,2*49
$GPCHC,2252,283859.80,182.00,0.11,0.67,0.01,0.16,0.02,-0.0091,0.0037,0.9975,34.23369824,108.67224541,358.63,-0.019,0.011,0.007,0.022,46,44,42,4,2*61
$GPCHC,2252,283859.85,182.00,0.11,0.68,-0.04,0.09,0.04,-0.0171,0.0033,1.0030,34.23369823,108.67224539,358.63,-0.018,0.009,0.008,0.020,46,44,42,4,2*4D
$GPCHC,2252,283859.90,182.00,0.11,0.68,-0.01,-0.04,-0.05,-0.0191,0.0013,1.0000,34.23369823,108.67224538,358.63,-0.013,0.009,0.008,0.016,46,44,42,4,2*40
$GPCHC,2252,283859.95,182.00,0.11,0.68,0.02,0.11,0.00,-0.0169,0.0004,1.0006,34.23369823,108.67224538,358.63,-0.011,0.010,0.007,0.015,46,44,42,4,2*6B
$GPCHC,2252,283860.00,182.00,0.11,0.68,-0.03,-0.14,-0.02,-0.0136,0.0011,1.0027,34.23369824,108.67224537,358.63,-0.009,0.010,0.008,0.013,46,44,42,4,2*43
$GPCHC,2252,283860.05,182.00,0.11,0.67,0.04,-0.06,0.03,-0.0079,0.0026,1.0006,34.23369824,108.67224537,358.63,-0.010,0.010,0.006,0.015,46,44,42,4,2*41
$GPCHC,2252,283860.10,182.00,0.11,0.67,0.05,0.08,0.01,-0.0056,0.0027,1.0027,34.23369825,108.67224536,358.63,-0.013,0.010,0.006,0.017,46,44,42,4,2*6B
$GPCHC,2252,283860.15,182.00,0.11,0.67,-0.04,-0.10,0.00,-0.0062,0.0020,1.0014,34.23369824,108.67224535,358.63,-0.016,0.009,0.008,0.018,46,44,42,4,2*69
